     1	1277	268	246	763
     2	1020	62	170	788
     3	1361	334	137	890
     4	1459	197	182	1080
     5	1352	243	252	857
     6	1280	287	493	500
     7	1088	38	267	783
     8	1482	281	216	985
     9	1302	60	80	1162
    10	867	171	206	490
    11	1451	179	162	1110
    12	1296	228	348	720
    13	1508	486	199	823
    14	1020	125	67	828
    15	1582	201	102	1279
    16	1303	166	100	1037
    17	1028	276	189	563
    18	1014	241	281	492
    19	1198	61	47	1090
    20	941	249	258	434
    21	1270	69	395	806
    22	1026	149	256	621
    23	994	143	151	700
    24	968	111	164	693
    25	1254	97	288	869
    26	1343	81	529	733
    27	1151	386	257	508
    28	813	72	286	455
    29	947	197	264	486
    30	773	148	124	501
    31	1462	153	146	1163
    32	1363	49	103	1211
    33	1063	98	153	812
    34	1594	42	43	1509
    35	1136	29	144	963
    36	547	12	278	257
    37	554	94	137	323
    38	724	264	288	172
    39	513	153	263	97
    40	479	102	196	181
    41	248	6	69	173
    42	240	17	62	161
    43	254	28	83	143
    44	316	67	97	152
    45	342	106	161	75
    46	0	0	0	0
    47	0	0	0	0
    48	0	0	0	0
    49	0	0	0	0
    50	0	0	0	0
