1034
1480
2296
4084
4578
5190
5912
6359
6359
6359
6359
6359
6359
6359
6359
6359
6359
6359
7012
7128
7128
8082
8443
8636
9496
9496
9659
9659
10204
10377
11806
12182
13183
15738
19127
22971
24298
24298
24298
24298
24298
24298
24298
24298
24298
24298
24298
25014
25222
25485
26140
26531
26870
26870
26995
27062
27570
29205
29277
29641
29641
31602
31602
31776
31776
31776
31876
32011
32123
32318
32495
32579
32579
33581
33581
33581
33581
33581
33581
33581
33581
33581
33581
33581
33581
33581
33581
33581
35684
35684
35824
36537
36711
36711
36790
36790
37240
37240
38750
38750
39313
39350
39637
39637
40502
40502
40625
41028
41028
41040
41123
41123
41233
41590
42230
42953
42953
43507
43507
44202
45425
45425
46231
48695
49621
50417
50417
50502
50502
50502
50502
50502
52785
52785
53914
53914
53914
53914
56637
59940
60415
60440
60495
64458
65198
65260
66633
66971
67276
67276
68388
68388
68388
68623
68883
68883
68883
68883
69752
70672
70672
71839
71839
71839
71968
72001
72001
72001
72001
72125
72125
72125
72125
72518
72613
72820
73721
73721
73721
73721
73746
74008
74207
74214
75114
75510
76716
78215
78215
78215
78215
78386
80580
81398
83484
85102
86832
87560
89728
90971
92780
92780
92780
92780
92780
92780
92780
92818
94287
94287
94287
95867
96274
96276
96276
96510
97316
97935
98491
98588
98680
100190
100284
100567
101352
101880
104464
105005
107284
108313
109561
109700
110184
110797
110895
110895
111118
111118
112040
112040
112040
113193
113388
113555
113555
113555
113555
113555
113555
113555
113555
113555
113595
114613
115067
115111
115111
115111
115111
115245
116175
116175
116281
116281
116812
117016
117504
117504
118439
118439
118889
118889
118889
118889
118889
118889
118889
118889
118889
118889
118889
118889
119059
119389
122319
122319
122693
123405
123405
123405
123405
125709
126305
126306
127563
127741
129428
130707
130730
131407
131554
131556
132776
132901
132921
133040
133986
134592
134814
136472
140842
141247
141248
143120
143120
143120
143120
143120
143120
143120
143120
143120
143120
143120
143120
146313
146436
146490
147550
149176
149176
149176
149176
149176
149176
150171
150454
153078
153266
153892
154034
156896
157224
157289
157319
157319
157319
157319
157458
157580
157835
157947
158972
158972
158972
158972
160446
160703
163596
166515
167373
169201
169201
170067
170747
170747
170747
170747
171842
171842
171842
171842
171842
171842
171842
172592
172592
173398
174373
175515
176621
