     1	1277
     2	1020
     3	1361
     4	1459
     5	1352
     6	1280
     7	1088
     8	1482
     9	1302
    10	867
    11	1451
    12	1296
    13	1508
    14	1020
    15	1582
    16	1303
    17	1028
    18	1014
    19	1198
    20	941
    21	1270
    22	1026
    23	994
    24	968
    25	1254
    26	1343
    27	1151
    28	813
    29	947
    30	773
    31	1462
    32	1363
    33	1063
    34	1594
    35	1136
    36	547
    37	554
    38	724
    39	513
    40	479
    41	248
    42	240
    43	254
    44	316
    45	342
    46	0
    47	0
    48	0
    49	0
    50	0
