542
542
684
684
1783
3430
3772
4552
4552
4609
4614
4618
4737
4737
4737
4737
4737
4737
4737
4737
6281
6289
6289
6378
6378
6792
7693
7711
7729
12866
12866
12905
12905
17743
17743
18421
19958
19958
20479
24292
24581
24860
24869
24930
25687
26121
27916
29275
29579
29579
30543
31573
31598
31598
33001
33217
33217
33868
33868
33921
33940
35750
36077
36077
36077
36083
36926
37417
37803
37832
38102
38921
38921
38933
38933
39549
39549
39913
40700
40806
41645
42149
43943
43943
46388
50988
53184
53436
55644
55938
55993
55993
55993
55993
55993
56250
56250
56250
56250
56292
56371
56371
56371
56371
56371
56512
57822
57822
57822
60983
60983
61613
63361
69562
70127
70579
71049
75412
76677
76677
76677
77883
83966
84405
87199
87313
88084
88084
88371
88371
88371
88371
88371
88371
88371
88371
88371
88371
89139
89139
89139
89581
89581
89581
89674
90436
92125
92554
92851
97334
97334
98260
98406
98928
100544
102935
103031
104736
105085
106198
108355
111172
111179
111183
111186
111195
111195
111609
112831
112896
113803
113882
113882
115730
117693
117890
117954
117954
117954
117954
117954
117954
118297
120352
122288
122305
122305
122305
122305
122305
122305
122305
122305
122305
122344
122516
122516
122532
123277
123277
123629
123629
123629
123629
123629
123629
127200
127235
127269
127300
128156
129023
130857
132376
132376
132376
132752
133184
133827
