639
639
639
912
1376
1771
2067
2594
5202
5232
5378
5594
5594
5594
5594
5594
5594
5594
5594
5594
5594
5594
5594
5594
5594
5594
5594
5594
5594
5594
6960
6960
6960
6960
6960
6960
7461
8548
8548
9008
9008
9035
9035
9035
9035
9191
10007
10793
12936
12936
14769
14769
20754
20754
21519
24135
25392
25392
25392
25392
26827
27957
28483
28483
28501
28563
28886
28973
29388
29388
29549
29898
29898
29898
29898
29898
29898
29898
29898
29898
29898
30925
31409
31791
31791
32435
32452
32452
32452
32465
33765
34046
34046
34046
34046
34046
34635
36091
36091
36399
37642
38264
38264
38264
38264
38264
40700
41598
41725
41725
41725
41725
43308
43359
44015
44015
44377
45099
45331
46145
47149
47291
48148
48148
48712
50530
50560
50560
53927
54392
56287
56612
57836
57836
57836
57836
57836
57836
57836
57836
59557
60046
60250
60250
60634
62475
63293
64057
64305
64305
64305
64305
64305
64305
64305
64305
64305
64422
64450
64450
64450
64450
64450
64450
64569
65019
65019
65019
65019
65204
65204
65204
65481
65669
65791
66476
67802
74748
80143
80143
80143
80143
80143
81106
81825
82522
82522
82522
86735
88189
88189
88964
89229
89229
89229
89758
92149
92149
92149
92149
92149
92149
93260
93623
95317
97306
101724
101724
101724
101724
101724
101724
101724
101724
101724
101724
101724
101724
101724
101724
101724
101724
101724
102613
102613
102750
102750
102750
103097
104009
104037
104037
104037
104037
104037
104037
105126
106119
106325
107648
108730
109189
109189
111440
111502
111667
112521
112521
114116
114150
114150
114150
114150
114150
114150
114150
114150
114150
114150
114150
114284
114284
114284
117055
117055
117055
117462
117937
118017
118842
118842
118842
118842
118910
118943
118990
119038
119071
119071
119071
119071
119074
119143
119402
120537
121005
124114
125009
125400
125400
127348
128199
128199
128199
128199
128199
128199
130784
131504
132302
133581
133581
133674
134441
134441
134716
134716
134716
134716
135584
135677
135677
135677
135677
135677
135893
135897
135897
137318
137318
137318
137819
137819
137819
137819
137819
138884
139738
140771
140827
140852
140852
140852
140852
140852
140852
140852
140852
140852
140852
140852
140852
140852
140852
140852
140852
140852
140852
140852
140852
140852
140852
140852
140852
140852
140898
140898
141103
141103
141234
142344
142344
142344
142344
142344
142344
142344
142344
142344
142344
142344
142344
142344
142344
142344
143193
143924
146502
146770
147123
147446
147446
147446
151507
151567
151567
151567
151943
151970
152349
152367
152991
152991
152991
152991
153331
153684
153999
153999
153999
153999
153999
153999
154455
155097
155474
156620
