num_q 30.0 30.0 30.0 30.0 30.0 30.0 30.0 30.0 30.0
num_ret 30000.0 30000.0 30000.0 30000.0 30000.0 30000.0 30000.0 30000.0 30000.0
num_rel 2352.0 2352.0 2352.0 2352.0 2352.0 2352.0 2352.0 2352.0 2352.0
num_rel_ret 24.6 24.6 25.1 26.3 37.3 508.3 1317.9 1343.9 1335.8
map 0.0 0.0 0.0 0.0 0.0003 0.0329 0.1165 0.1198 0.1183
gm_map 0.0 0.0 0.0 0.0 0.0 0.0062 0.0764 0.0822 0.0811
Rprec 0.0 0.0 0.0 0.0 0.0011 0.0793 0.1873 0.1912 0.1904
bpref 0.0099 0.0099 0.0101 0.0106 0.0162 0.1768 0.4695 0.4764 0.4746
recip_rank 0.0012 0.0012 0.0012 0.0012 0.0176 0.3494 0.5189 0.5017 0.4955
iprec_at_recall_0.00 0.0013 0.0013 0.0013 0.0014 0.0182 0.3788 0.5795 0.5695 0.5618
iprec_at_recall_0.10 0.0 0.0 0.0 0.0 0.0001 0.1083 0.297 0.3065 0.3026
iprec_at_recall_0.20 0.0 0.0 0.0 0.0 0.0 0.054 0.2154 0.2239 0.2228
iprec_at_recall_0.30 0.0 0.0 0.0 0.0 0.0 0.0278 0.1669 0.1713 0.1693
iprec_at_recall_0.40 0.0 0.0 0.0 0.0 0.0 0.0136 0.1273 0.1316 0.1301
iprec_at_recall_0.50 0.0 0.0 0.0 0.0 0.0 0.0052 0.0893 0.0942 0.0928
iprec_at_recall_0.60 0.0 0.0 0.0 0.0 0.0 0.0027 0.0537 0.0587 0.057
iprec_at_recall_0.70 0.0 0.0 0.0 0.0 0.0 0.001 0.0263 0.027 0.0264
iprec_at_recall_0.80 0.0 0.0 0.0 0.0 0.0 0.0 0.0099 0.0105 0.0104
iprec_at_recall_0.90 0.0 0.0 0.0 0.0 0.0 0.0 0.0007 0.0014 0.0012
iprec_at_recall_1.00 0.0 0.0 0.0 0.0 0.0 0.0 0.0 0.0 0.0
P_5 0.0 0.0 0.0 0.0 0.0053 0.1793 0.3187 0.31 0.3053
P_10 0.0 0.0 0.0 0.0 0.0036 0.155 0.29 0.2893 0.2867
P_15 0.0 0.0 0.0 0.0 0.0024 0.1338 0.2753 0.2762 0.2727
P_20 0.0 0.0 0.0 0.0 0.0022 0.1215 0.2588 0.2678 0.263
P_30 0.0 0.0 0.0 0.0 0.0018 0.109 0.2406 0.2475 0.2455
P_100 0.0 0.0 0.0 0.0 0.0006 0.0677 0.1644 0.1684 0.167
P_200 0.0002 0.0002 0.0002 0.0002 0.0006 0.0471 0.1199 0.1223 0.1211
P_500 0.0005 0.0005 0.0005 0.0005 0.0009 0.0269 0.0709 0.0722 0.0718
P_1000 0.0008 0.0008 0.0008 0.0009 0.0012 0.0169 0.0439 0.0448 0.0445
